98
85
47
56
51
60
63
96
95
93
44
60
52
91
133
108
50
98
59
56
86
97
104
58
90
77
67
86
125
98
42
75
64
66
98
104
114
85
64
68
75
79
128
110
84
101
80
86
105
125
142
62
81
84
83
70
99
105
54
53
61
80
94
108
86
69
75
84
65
73
115
129
83
58
102
96
92
103
113
81
86
81
78
110
132
112
85
48
73
70
93
105
113
69
75
75
75
82
101
137
92
65
64
72
100
87
78
75
78
49
81
82
126
97
97
80
91
105
102
110
88
85
51
99
94
129
116
113
80
72
66
105
90
98
117
106
95
82
95
103
122
120
68
71
61
89
80
115
103
67
72
88
86
132
98
98
96
91
77
89
94
110
123
79
78
94
91
104
110
93
76
54
81
67
93
128
129
84
81
84
56
108
143
130
112
97
102
110
144
147
171
94
102
100
102
146
153
171
117
122
108
106
171
204
192
123
110
130
105
127
172
193
116
101
95
144
147
177
88
138
105
117
106
148
175
187
153
126
103
132
159
172
141
109
106
100
109
117
189
155
117
118
103
104
152
187
159
105
98
126
152
148
166
145
102
100
110
140
161
213
174
111
97
91
128
146
173
167
137
108
88
146
128
156
156
95
102
80
118
148
181
169
96
102
107
110
131
166
180
116
111
120
93
143
154
153
122
119
147
211
237
116
128
107
91
92
106
130
158
147
113
115
111
119
140
132
155
120
93
138
143
138
176
164
125
161
128
173
227
145
0
133
112
113
108
134
150
102
100
99
83
102
95
147
129
61
86
105
98
101
140
125
112
97
68
89
94
149
140
102
78
78
79
107
122
134
75
95
108
91
97
131
150
99
105
102
107
123
162
125
114
117
67
0
0
149
171
94
88
86
114
87
139
127
120
89
87
121
111
125
120
108
113
95
90
99
148
104
137
109
117
117
151
165
138
96
79
79
67
105
140
153
89
72
84
67
106
169
167
88
100
109
112
141
178
146
86
91
95
106
97
141
155
68
76
93
76
84
107
122
82
67
76
92
92
115
132
91
115
100
109
96
132
128
101
98
97
90
88
151
183
93
94
104
100
108
150
137
100
107
85
101
113
131
118
105
60
91
65
109
117
138
94
77
104
101
115
130
152
136
100
117
108
125
144
135
85
91
106
104
126
139
140
120
105
113
88
112
106
124
117
112
142
95
118
163
126
65
71
93
81
114
147
118
108
88
78
114
132
152
133
79
90
104
95
124
138
154
77
106
91
126
133
139
149
111
98
112
125
112
194
178
133
99
104
132
141
176
189
118
119
110
96
129
169
180
126
114
117
122
112
164
149
148
89
87
110
148
141
136
112
91
75
93
101
160
151
98
84
75
100
105
143
125
83
100
81
81
111
105
120
87
85
84
92
111
155
137
82
101
87
109
111
169
129
79
79
103
75
112
123
141
95
112
79
129
109
134
111
83
105
103
100
122
137
125
96
85
103
82
106
134
144
84
88
72
85
106
154
129
98
93
166
173
187
138
153
109
69
74
79
105
154
133
97
95
108
110
126
187
164
81
110
94
105
136
190
155
110
122
150
121
145
199
203
174
0
115
100
106
110
106
104
88
80
76
78
86
118
96
77
61
87
87
120
87
70
71
60
85
88
122
114
84
69
85
92
79
101
103
80
68
71
77
91
127
116
83
98
73
88
93
133
142
87
92
140
103
114
125
141
87
82
86
111
109
138
141
82
74
72
81
106
137
123
114
96
79
88
116
141
113
94
123
116
90
107
159
142
103
76
84
73
99
114
133
96
89
90
90
134
161
161
91
73
83
71
91
130
124
102
80
61
103
95
128
142
77
83
68
68
89
113
122
77
79
69
91
88
94
115
75
80
78
85
93
140
113
77
94
66
85
84
137
163
101
82
58
81
99
141
145
93
83
76
105
95
120
155
141
86
79
82
113
156
118
115
97
93
101
104
134
120
98
119
91
117
146
170
145
91
75
79
108
94
155
149
92
109
104
103
92
174
115
119
73
122
145
112
107
68
74
98
93
90
114
153
142
101
83
84
102
115
127
106
101
103
88
87
100
127
129
119
92
95
119
117
176
173
113
118
121
88
149
156
190
142
154
101
105
117
148
222
137
104
94
87
139
179
196
107
90
75
86
84
126
128
109
111
71
115
122
122
131
91
70
77
83
105
130
123
65
78
68
69
64
75
77
51
77
99
96
108
114
116
81
105
66
88
113
110
100
64
74
72
84
118
129
108
86
81
78
86
86
128
151
79
68
62
73
87
100
69
55
66
76
80
92
84
115
50
85
60
80
92
114
129
90
65
65
65
112
154
138
82
99
96
93
108
116
99
63
77
123
149
110
109
136
87
126
82
100
99
125
156
110
78
103
115
124
164
143
89
100
101
117
142
174
112
118
175
5
108
89
107
109
71
102
101
70
79
71
109
67
68
68
71
74
119
98
78
62
55
79
93
104
98
52
51
51
53
60
75
90
58
48
40
71
69
115
79
63
51
79
75
76
115
127
77
65
98
127
112
132
130
105
65
88
87
93
108
133
80
77
59
75
106
130
124
72
65
69
65
82
117
104
79
83
77
67
78
86
131
77
85
80
71
64
123
106
70
61
37
98
66
112
107
75
63
56
64
92
76
113
77
74
69
90
78
106
113
56
85
80
80
99
134
132
69
60
75
55
98
118
106
68
62
75
102
74
104
101
75
71
72
73
87
152
109
71
48
62
79
91
93
103
61
60
77
60
91
81
106
70
61
57
82
80
81
101
71
78
90
95
82
162
94
68
66
72
90
71
150
123
82
77
92
103
90
115
81
77
64
82
83
121
108
112
91
91
98
132
161
114
97
103
87
104
119
118
155
95
104
109
105
103
146
145
135
95
112
123
132
171
0
0
80
106
127
107
145
157
178
121
108
118
179
209
207
162
124
125
104
98
148
126
75
40
71
69
108
111
123
145
97
93
96
84
105
120
127
165
95
120
92
121
152
112
90
88
121
95
85
150
119
70
80
84
64
87
128
136
62
82
81
77
92
134
120
73
73
87
78
111
122
117
73
80
103
108
101
127
113
53
75
70
57
75
112
95
81
70
68
93
87
110
121
75
82
79
88
92
103
87
62
80
67
87
102
108
123
67
70
66
81
103
140
126
90
66
72
71
89
124
109
79
79
83
157
86
70
111
91
85
79
66
85
105
123
83
84
74
81
100
147
159
127
99
90
110
108
125
140
133
125
158
0
138
94
68
69
70
95
59
90
103
82
80
63
51
59
56
65
73
55
60
60
63
80
100
104
60
67
58
50
68
103
108
61
72
57
68
84
109
96
65
76
97
77
116
124
119
97
80
85
98
121
125
118
74
66
77
79
82
129
119
59
77
70
69
68
100
115
59
89
79
67
59
103
74
82
65
70
79
81
111
119
76
83
69
71
106
86
91
74
1
112
60
60
125
96
71
55
91
78
126
111
113
75
69
87
62
73
88
111
78
67
65
54
64
106
112
75
67
77
68
93
108
103
63
69
63
67
63
87
80
49
44
73
78
90
143
140
77
64
66
79
71
114
74
64
64
71
73
102
121
120
88
76
78
79
81
96
89
89
60
96
97
91
118
112
83
101
65
91
141
136
118
106
51
64
93
99
152
131
88
77
77
60
105
120
138
93
71
71
101
130
154
153
121
84
89
121
144
143
149
109
90
83
92
119
160
137
117
106
79
105
132
138
111
96
82
78
78
147
151
143
103
101
89
94
108
139
152
99
103
89
114
133
152
162
88
99
91
83
126
182
186
132
76
47
73
79
104
101
54
76
63
60
107
117
117
112
67
72
60
77
128
112
65
93
64
85
82
112
118
72
74
102
74
87
108
94
69
78
65
89
80
112
110
96
105
85
66
104
126
123
98
97
77
82
101
114
117
71
75
69
79
113
97
82
87
72
74
123
113
104
115
73
76
79
95
95
105
108
86
79
76
77
102
98
123
78
61
77
95
87
109
125
68
91
115
129
120
109
102
57
88
56
94
108
164
117
85
86
70
93
126
123
134
77
113
86
102
124
126
154
113
105
138
190
0
111
86
62
60
77
91
97
80
84
52
54
69
59
67
79
68
39
49
53
58
72
108
101
66
62
68
69
86
97
93
41
53
68
65
71
79
98
82
63
80
59
80
105
105
84
67
81
115
106
152
104
81
101
86
98
86
113
122
82
89
72
70
71
133
114
61
94
68
91
84
93
123
67
65
77
89
85
112
112
84
101
67
100
95
93
94
65
65
69
73
102
127
100
59
51
61
79
77
98
107
68
74
72
87
79
100
114
66
53
62
69
80
78
102
54
67
57
59
80
100
75
